#################################### 
# Matrix Size= (5,300,5)
# Resol      = (1,100,1)
# VoxelSize  = (5,3,5)
# nbVal      = 100
#################################### 
0.0553635351
0.05661782053
0.05443094335
0.05270291318
0.05324721605
0.05317768009
0.05416381755
0.0508742899
0.05224474654
0.05099144376
0.04920325266
0.05003302591
0.04906698925
0.05017303338
0.04925372156
0.04869692367
0.04878536673
0.04963734909
0.04697516501
0.04696640946
0.04623146909
0.04433792771
0.04599250133
0.0456588269
0.04399232858
0.04230686164
0.04345834008
0.0418771951
0.04191771375
0.04237589343
0.04096917988
0.04152385364
0.04133145786
0.04162774671
0.04073743248
0.03997239141
0.04014554768
0.03779796442
0.03827599761
0.03654391182
0.03645480579
0.0365545905
0.03535663294
0.0351760193
0.03526777937
0.03529315278
0.03513388439
0.03438398185
0.03462173555
0.03415261781
0.03315232355
0.03289780057
0.0321537478
0.03252424533
0.03248699789
0.03091970571
0.03085978679
0.03108319724
0.03003471005
0.03012377777
0.02949959274
0.02954287273
0.02904275802
0.02897426288
0.02866406653
0.02817979301
0.0281953794
0.02752938902
0.02746801343
0.02718637216
0.02667867443
0.02599728357
0.025940931
0.02526841991
0.02564282039
0.02543071277
0.02440322511
0.02499004275
0.02426002783
0.02408969554
0.02375712187
0.02343149603
0.02304493996
0.022591354
0.02233761363
0.02204616687
0.02200990803
0.02200932645
0.02119581848
0.02141560126
0.0208935831
0.02080580738
0.02049533091
0.02055571257
0.02015212548
0.02009209858
0.01989411037
0.02001462904
0.02048272414
0.02209009357
