#################################### 
# Matrix Size= (300,5,5)
# Resol      = (100,1,1)
# VoxelSize  = (3,5,5)
# nbVal      = 100
#################################### 
0.09525841917
0.7730168012
0.2106617645
0.3844955159
2.008627574
0.7458593725
0.2330623188
0.3331610237
1.382911244
2.674596491
2.892036816
0.3411480945
0.4600136258
0.3073839297
0.5383125227
0.6172085021
0.4177043262
0.2852046057
0.4844093711
1.081337209
2.053518662
0.6160758542
2.200484409
2.174967604
2.880270565
2.224203356
2.169431675
2.486685754
2.079183198
2.874980378
5.438951925
6.810883569
4.330203764
14.49285319
11.47043448
15.75286938
12.22272482
19.3851625
22.11182628
25.55426156
30.08794518
62.47395666
238.3149261
444.0786886
458.2561419
430.2813536
497.8610002
468.0599001
434.9690171
445.4868142
467.4901401
501.7735588
449.6028546
432.8468341
464.7535142
510.9574527
409.1295535
94.39587053
34.99198991
30.35386852
16.30689113
11.02424833
14.9161687
17.20182079
9.892254357
9.831257191
8.458199864
8.982109942
4.54972533
2.185380786
6.392005947
1.545702977
3.759502845
1.716449025
1.333374439
1.592901563
0.8651305535
3.450056425
1.988836318
1.188883536
1.818684226
1.515103114
0.2834003277
1.599681562
2.264032557
0.2775331904
0.8996795039
0.3996910625
0.366737797
0.4010964673
0.5359434435
0.5747819515
0.08759756094
0.9093452218
0.341271104
0.2873179636
0.9681880681
0.1090663834
0.02495679978
0.4034732968
