#################################### 
# Matrix Size= (5,300,5)
# Resol      = (1,100,1)
# VoxelSize  = (5,3,5)
# nbVal      = 100
#################################### 
193.2614353
198.4303203
213.2359783
222.4418405
228.8252058
205.2169898
218.1412949
233.4926213
230.1012221
249.7531907
261.3173566
271.7794734
279.0707555
269.3029018
248.3926103
269.0485892
257.1128097
272.0637068
303.454335
277.161696
304.596915
328.8948312
280.569962
291.9489702
311.5935167
349.6755507
312.2668341
342.4167828
346.5786177
354.7959431
365.1042384
344.8331574
372.1552813
346.8173453
345.5272166
390.8581829
386.6054862
396.1981843
415.4349513
451.1233709
455.5274594
449.5268044
469.9580482
499.125832
497.6576683
478.5048892
485.0633739
501.6982884
516.8136247
539.9736671
527.3996652
562.2913735
549.6623614
534.565859
570.6562834
590.8088762
603.4562377
612.474581
652.6681689
637.9308357
677.8141526
663.54487
668.9520704
695.3201749
709.3003424
702.0768619
717.0691722
771.2788063
750.0761732
785.5328747
778.9331762
819.1930001
855.8360642
885.5004315
853.3803603
861.578952
920.0001581
916.0345435
949.9256446
953.6918942
969.7826977
1012.350926
1051.834071
1093.064831
1117.412957
1131.554512
1109.201509
1168.779561
1175.305723
1190.397424
1263.033039
1234.458135
1249.407658
1282.540552
1254.25086
1308.0452
1310.569371
1243.498266
1104.457378
759.3637647
