#################################### 
# Matrix Size= (300,5,5)
# Resol      = (100,1,1)
# VoxelSize  = (3,5,5)
# nbVal      = 100
#################################### 
0.297015154
0.416129054
0.2579901702
0.3272065599
0.377708664
0.3521640122
0.2844475265
0.2739431767
0.3582607207
0.2796429336
0.3491723183
0.2049762917
0.2143357677
0.2139674116
0.249698832
0.1863934372
0.2400626846
0.1711396097
0.1556336379
0.1718331296
0.2052776552
0.1823589971
0.2461046226
0.1822392249
0.2130483727
0.1820144314
0.1511488897
0.1549924417
0.1667387239
0.14325652
0.1443220121
0.1536317873
0.12355631
0.133949687
0.1257686715
0.1163017766
0.1240437918
0.1109113521
0.1023382543
0.09409632564
0.08841353504
0.07496562067
0.04017913126
0.03042071588
0.02890006979
0.02999771675
0.0293504736
0.02894117119
0.0297709792
0.02976236913
0.02925451174
0.02866787185
0.0294589626
0.03004535291
0.02990347342
0.02963764417
0.03427482089
0.05906536068
0.08360095538
0.09321409329
0.09143240201
0.1107460794
0.1220279149
0.1208056383
0.1061119627
0.1363233843
0.1521389518
0.1525779752
0.1366531223
0.129222315
0.1793259336
0.1467486557
0.1598959546
0.1593357775
0.1448305457
0.1993983484
0.1731767552
0.194781812
0.2531784544
0.1537360111
0.2340566829
0.2560502632
0.1790632648
0.3081611408
0.2750695644
0.1619248775
0.2187768968
0.2255334069
0.2673163107
0.3386240996
0.2584607621
0.3768569306
0.2272679578
0.2962319394
0.3187239043
0.3148485689
0.332665947
0.279659259
0.2631808259
0.4555955529
