#################################### 
# Matrix Size= (300,5,5)
# Resol      = (100,1,1)
# VoxelSize  = (3,5,5)
# nbVal      = 100
#################################### 
1.039137105
2.112838606
1.779055084
1.895062146
3.752257486
2.452355061
1.697202346
2.107008748
3.282447671
5.848237885
4.87036989
2.849491383
3.164391768
2.591149635
2.938328883
4.214875294
2.692213348
3.120520287
4.472001332
6.051638261
6.980831497
4.304168527
6.027525272
8.092522295
7.965957132
8.193713771
9.744669144
10.17417143
8.647869869
11.83591968
16.15935471
16.98711968
16.84177404
28.42065318
26.92874475
34.12651209
28.18432216
39.69693534
45.94859653
53.72254422
62.04042341
105.4346893
384.2037954
692.6870912
740.6777182
691.4550535
760.1753036
747.4957257
700.5055256
709.1293116
739.0401347
781.3255621
719.7341047
692.4139062
720.8840961
762.6477469
590.1151577
164.4892177
70.75709505
59.1048293
44.16547248
29.98088059
31.64958472
34.33195534
29.64021728
23.00027469
19.116027
19.64248476
15.60888529
11.43996681
14.09856241
8.472038167
12.12626082
8.222451447
7.97287366
6.329543487
5.370942767
9.535953982
5.570221429
7.092398856
5.761787399
4.807237284
2.972987066
4.104296142
5.4701411
3.253442086
4.335528281
2.803179658
2.265437552
1.870278957
2.832465034
2.011754232
1.302289079
3.219083833
1.832883788
1.702470004
2.957817278
1.180907818
0.6002606997
1.394208863
