#################################### 
# Matrix Size= (5,300,5)
# Resol      = (1,100,1)
# VoxelSize  = (5,3,5)
# nbVal      = 100
#################################### 
114.4859396
126.222235
134.7185201
137.4414711
148.4625137
119.0969703
139.6076018
141.1106455
144.5236666
162.1934706
165.3263336
184.9115967
187.5104483
182.574446
149.6832841
171.6653966
157.3420414
182.3794762
203.209009
169.4574962
198.3109361
212.6605469
166.5240224
177.6986719
187.9113976
218.8650297
184.17087
205.6316573
211.0684779
226.0576283
223.7557065
205.0399486
236.6111465
208.4454617
198.142645
244.1101383
240.9005004
224.280822
252.8649878
271.8023439
275.785441
270.0396204
276.1179744
308.282257
308.0721948
285.2255937
290.4587341
297.6009176
320.1855771
340.118572
305.7363758
342.2131168
312.390028
302.3137518
343.7236951
333.7414185
346.8350359
362.4702868
384.3083755
369.3293941
399.855584
384.3224483
377.5001766
405.9253176
413.4174049
391.4709696
408.820413
450.8926944
424.5440474
456.1313875
431.9066269
453.6204427
492.9657799
500.7277901
478.9419375
480.147124
504.1306866
524.1157296
531.1724663
527.9023476
530.900839
562.7833694
587.6616594
609.9038951
623.1433169
622.452828
596.1382058
661.8633331
620.7242314
650.0385927
696.5538586
659.814948
655.8756837
695.2003962
639.024363
690.8816011
679.9527727
619.5749012
511.8901988
281.4386879
