61.2
65.2125
71.275
79.4
85.66
90.075
93.35
95.6
97.25
98.4
99.225
99.725
99.96
100
100
99.875
99.7
99.4
99.05
98.6
98.25
97.9
97.46667
97
96.625
96.15
95.65
95.25
94.75
94.35
93.925
93.425
92.95
92.5
92.02
91.56
91.16667
90.6
90.15
89.75
89.23333
88.83333
88.35
87.9
87.4
86.9
86.4
85.95
85.525
85
84.6
84.08
83.7
83.2
82.73333
82.25
81.85
81.35
80.85
80.46
80.08
79.65
79.2
78.8
78.3
77.85
77.45
77.025
76.63333
76.1125
75.7375
75.2625
74.8875
74.48571
73.98
73.65
73.2
72.8
72.44286
71.94
71.5625
71.16667
70.72857
70.325
69.92857
69.5
69.1
68.7
68.3
67.9
67.52
67.05
66.65
66.25
65.85
65.45
65.1
64.66667
64.2
63.875
63.52857
63.12857
62.6875
62.3125
62.025
61.55
61.225
60.86
60.54286
60.15
59.825
59.45
59.1
58.75
58.43333
58.075
57.76667
57.35
57
56.7
56.35
56.05
55.725
55.4
55.05
54.7
54.36
54.04
53.75
53.375
53.05
52.75
52.425
52.075
51.84
51.5
51.25
50.9
50.6
50.25714
49.95
49.6
49.325
49.05
48.725
48.375
48.125
47.9
47.5
47.25
47
46.675
46.425
46.13333
45.875
45.55
45.34
45
44.73333
44.45
44.23333
44
43.71429
43.45
43.2
42.95
42.65
42.35
42.1
41.85556
41.625
41.375
41.125
40.875
40.65
40.38
40.15
39.9
39.63333
39.475
39.225
38.95
38.8
38.5
38.3
38.03333
37.85
37.6
37.35
37.1
36.95
36.7
36.43333
36.2
35.975
35.825
35.575
35.4
35.1
34.95
34.725
34.475
34.3
34.06
33.825
33.675
33.425
33.21667
33
32.9
32.66667
32.5
32.23333
32.05
31.9
31.7
31.55
31.36667
31.2
30.975
30.8
30.625
30.5
30.275
30.1
29.85
29.725
29.575
29.325
29.2
29
28.8
28.7
28.5
28.36667
28.15
28
27.83333
27.7
27.56667
27.3
27.2
27
26.9
26.75
26.54
26.4
26.2
26.075
25.9
25.7
25.55
25.5
25.3
25.125
25.025
24.85
24.7
24.6
24.425
24.275
24.125
24
23.825
23.7375
23.6125
23.475
23.3
23.13333
23
22.9
22.8
22.65
22.52
22.375
22.225
22.1
22
21.875
21.725
21.575
21.425
21.3
21.225
21.1
20.95
20.9
20.7
20.625
20.5
20.4
20.25
20.175
20
19.9
19.8
19.7
19.6
19.43333
19.4
19.21667