#################################### 
# Matrix Size= (300,5,5)
# Resol      = (100,1,1)
# VoxelSize  = (3,5,5)
# nbVal      = 100
#################################### 
0.1640824925
0.1539597789
0.1443482712
0.1350752463
0.1382464011
0.1501284497
0.1083700793
0.1318623029
0.1215473297
0.1141721427
0.1123450539
0.1116527419
0.1259457015
0.1407989909
0.1138449791
0.09160100596
0.1106874409
0.1052181785
0.1018981292
0.1030145896
0.09313184788
0.09123495384
0.08615202107
0.09877740887
0.08717288575
0.08471384999
0.08429252454
0.07050633933
0.06561283046
0.06876032044
0.07389046345
0.05529714214
0.04067416152
0.04052951969
0.0395662326
0.02797970044
0.04041098029
0.03252589425
0.0396661205
0.04036503155
0.0320755645
0.02858477383
0.03482212852
0.03568098506
0.03394604005
0.03465932662
0.03485101062
0.03443796925
0.03536100823
0.03349646417
0.03374489923
0.03364031762
0.03313033336
0.03123290178
0.03597853672
0.03269634155
0.03345220467
0.03246595902
0.03200766605
0.03331283826
0.03280904654
0.03360487422
0.02998920921
0.0375802735
0.03490171183
0.0318137229
0.03444230043
0.0448323016
0.06048531915
0.07409287723
0.08203813376
0.07978600815
0.08343767393
0.0820878616
0.08792455371
0.07851475133
0.09161772185
0.09953877786
0.09296961995
0.08980606341
0.1000929326
0.09673054218
0.1248736567
0.1077457495
0.1319561491
0.09445074778
0.1396994571
0.1094573908
0.1143598475
0.1004651367
0.1082933673
0.119470742
0.1229810679
0.1296688486
0.1412610196
0.1471888782
0.1248728965
0.1562766688
0.1375414391
0.1676039569
