#################################### 
# Matrix Size= (5,300,5)
# Resol      = (1,100,1)
# VoxelSize  = (5,3,5)
# nbVal      = 100
#################################### 
79.07712678
74.17517458
78.59395097
76.26688087
77.78270624
76.92806695
98.49470885
104.230294
81.82670948
82.45913059
104.3288205
92.88986867
92.25688805
105.4421466
94.90514747
100.0529009
90.91877809
102.5193239
126.5095697
92.92115274
101.2800957
109.5899876
101.1205029
111.107081
100.3135472
118.4865135
115.1820809
117.811247
114.2488819
123.1066213
119.90982
135.9093177
125.0577288
132.6331191
113.2698583
136.9776624
142.8836166
143.7729817
168.1776678
167.1304673
172.7432135
158.8307147
159.9983756
187.2311151
160.0417457
173.8395139
159.7322816
175.3851673
180.7053572
175.2813814
185.1113698
172.2059321
191.3673949
181.3198206
183.4423311
202.0103055
224.1044697
218.5503306
221.3634974
237.9462426
205.4920538
213.6208364
220.3276139
228.8193726
243.6228954
228.04449
243.0188276
244.4891107
246.8635539
261.6860148
243.2155046
252.89215
288.2019335
273.9198193
274.4662809
291.0494978
294.8419093
299.5189747
300.9833831
312.8880965
306.6618447
314.65932
317.84298
313.6649053
302.843089
308.520757
351.2883194
341.1879487
348.8547934
332.8016737
358.8520559
372.3645454
387.6600163
398.8573749
391.9498599
391.0284965
402.4258861
370.4292128
324.269668
198.6723957
