#################################### 
# Matrix Size= (5,300,5)
# Resol      = (1,100,1)
# VoxelSize  = (5,3,5)
# nbVal      = 100
#################################### 
0.06123874444
0.06386110153
0.06331281977
0.0630170003
0.06646049015
0.06206586301
0.05983139718
0.05668272211
0.05780880085
0.05906578396
0.05788782554
0.05673691531
0.05788140997
0.0522689515
0.05499011154
0.05393426706
0.0555635385
0.05583438933
0.05145429148
0.05029216203
0.05412480979
0.05136452831
0.05257338391
0.05383158644
0.05111634698
0.04844945854
0.04686788671
0.04643209831
0.04704443667
0.04763146807
0.04709347284
0.04611009189
0.04734027275
0.04612449666
0.04630624412
0.04509239728
0.04589908085
0.04444140972
0.04241542354
0.0417456721
0.04179086344
0.04192026994
0.04089553369
0.04015245401
0.04111372523
0.040857764
0.04034920612
0.0407318832
0.03867761119
0.03837849519
0.03893716473
0.03793434703
0.03779121283
0.0373881687
0.03663955812
0.03538225904
0.03486978133
0.03570389576
0.03502772858
0.0346843009
0.03479272523
0.03418094808
0.03364460891
0.03302790381
0.03372992876
0.03292871238
0.0327481603
0.03234667754
0.03181343966
0.03148138208
0.03134846814
0.03075825591
0.02949432338
0.03004114072
0.02974488153
0.02963694139
0.02898537449
0.02911809704
0.02886145871
0.02834241169
0.02826236405
0.02791969243
0.02768616827
0.02824297572
0.02765619072
0.02692157852
0.0266428447
0.02629055367
0.02660398126
0.02577356396
0.02627413915
0.02581707131
0.02497317473
0.02555238798
0.02517521373
0.02519676184
0.02551372795
0.02489601827
0.02555349728
0.027361283
