#################################### 
# Matrix Size= (300,5,5)
# Resol      = (100,1,1)
# VoxelSize  = (3,5,5)
# nbVal      = 100
#################################### 
0.3138705087
0.4080261245
0.3547991561
0.6992425948
0.8478868749
1.018205254
0.5659698943
0.8218689645
1.167059078
1.002807942
1.584388832
1.438859107
1.704905877
3.165008334
2.501148542
1.116636393
2.884174323
3.314462113
2.909072326
3.704330451
4.253655944
5.425052146
4.930901574
9.023797486
7.919777628
7.040066423
10.32779402
17.5501405
16.07232282
13.22649503
16.80083122
59.39642822
118.6576879
267.715627
178.9218845
582.6135065
190.8516815
315.6278793
227.5430898
205.996367
316.4180015
405.1812521
342.5815019
205.2177441
344.1650497
271.1158399
222.7484207
372.3767057
288.9796861
306.7706966
230.4028004
274.259145
281.9492661
259.4762118
232.3356678
232.3862868
203.8951771
254.6422095
254.1542911
331.0493566
339.0705461
337.4287408
520.5250714
229.8408803
185.199636
392.3157702
281.1218022
105.1312667
129.3484558
31.22929045
21.28571289
15.64228524
11.36421004
9.826610347
38.42622756
63.74350861
9.843382444
9.835253115
9.842170136
4.044862305
4.86988935
2.987815463
5.061386449
1.697072117
4.851140041
45.52938251
7.774496133
1.39705249
1.187704333
1.12818822
0.90120334
0.9162682251
1.02061153
0.9096248674
1.230580042
0.932513662
0.7419374998
0.7312926887
0.5725834996
0.5207026335
