#################################### 
# Matrix Size= (5,300,5)
# Resol      = (1,100,1)
# VoxelSize  = (5,3,5)
# nbVal      = 100
#################################### 
145.2103717
134.8625853
140.0236769
138.5826386
132.7017623
141.3149556
165.873003
180.1127683
156.4774897
153.7381897
176.4465635
169.8699958
165.9428675
196.4541624
177.1570298
185.4590765
171.6070183
181.3423586
218.5938422
191.6702564
185.9360986
203.8074072
191.2720917
195.8085783
195.9376037
224.6689687
228.988926
233.7611895
227.2035526
232.9400763
232.5220129
252.8284449
236.2228779
249.6845433
229.8343566
259.5486248
260.4261008
269.8037063
305.7434548
309.6799347
314.4965393
300.635258
309.2989736
340.7794225
307.6992371
322.6979599
313.2260198
325.1310791
347.5537973
344.9658138
349.4205484
345.9293862
366.048918
360.1507674
369.6538903
401.695183
429.3103101
414.0527077
424.7529008
444.7354133
412.0067498
427.5951709
441.1780675
457.9943557
462.7416434
458.5954619
476.022745
483.3865908
493.8694849
513.8432764
497.4775277
517.0111442
575.5769746
550.9205234
556.9622632
575.6301247
592.3915602
594.3502013
601.0991232
624.0948169
619.603985
635.3343101
643.9260166
627.0689822
629.2293479
652.4297501
703.4661064
702.568715
702.0492935
707.7984959
720.9761713
747.4266478
788.3926147
781.5711703
786.3810437
784.7845309
786.2492032
773.0604613
704.68338
515.1392504
