#################################### 
# Matrix Size= (300,5,5)
# Resol      = (100,1,1)
# VoxelSize  = (3,5,5)
# nbVal      = 100
#################################### 
3.414387465
4.148933461
4.126477035
6.190672946
6.660622609
6.721317605
6.942034872
6.875120424
8.887929795
8.77098354
11.2040872
10.74333919
10.36731986
12.63535949
13.89170089
11.53599256
15.34305859
17.30275417
16.7382674
18.6833861
22.14533749
25.5293653
25.77489642
30.4114031
32.28303232
31.32082294
38.12535711
59.41703589
61.10112719
52.89118361
55.47227125
139.3720236
267.8094309
403.7029418
338.0674593
862.6604437
341.8574895
546.2016539
380.2843514
355.5666055
554.5627667
704.1787069
531.5228147
401.4820327
546.4988921
475.0644699
428.2399882
560.3364607
480.7335491
522.8809963
449.8116548
492.2836396
506.8208262
515.7396938
423.6527374
466.2305431
426.8483486
491.5090499
498.0685469
546.1721725
561.2367415
546.6176896
760.7630888
403.4127697
389.9138193
622.5836641
486.7996738
228.7031056
188.030839
75.42295753
56.23769088
49.57040501
40.40234926
38.18757485
70.5022481
101.6870848
34.24459329
31.50648054
33.74455613
22.3947132
22.04730781
17.86951047
18.01621505
12.09064621
16.69136864
71.43973609
19.95910759
10.79843447
9.529720636
10.57243047
8.76615316
8.012155242
8.214697986
7.355211612
7.852940649
6.560732744
6.89787171
5.472064918
5.501556184
4.30536941
