#################################### 
# Matrix Size= (5,300,5)
# Resol      = (1,100,1)
# VoxelSize  = (5,3,5)
# nbVal      = 100
#################################### 
100.5731067
96.04598538
106.132182
96.16557253
118.8235269
121.2688931
110.4997684
117.8820885
124.7211539
107.9852031
119.0538901
127.2030065
139.329169
137.5685805
152.1477832
143.7753484
156.279059
147.1350989
159.3387004
177.7395926
166.758406
169.9066337
170.729326
172.9089541
172.5074777
171.9774812
168.1740235
184.9549004
191.5109279
185.1554405
185.5625201
189.6650535
193.8668163
213.7427089
199.596949
198.5160652
232.836382
250.1478614
241.2978694
246.9328097
221.6267229
213.4776533
256.4229021
265.5721448
250.8608233
290.467821
303.5281351
285.2092171
298.104432
302.9548526
321.0533377
296.8808894
340.3852097
340.3949701
348.0933408
348.5682803
338.3098801
345.3811548
363.3512249
371.737027
384.8483166
415.3713397
429.2654415
439.7765887
455.1736832
470.1480448
474.6068302
453.2514588
477.1007601
534.1951603
511.4809425
546.872549
537.4029964
551.1784582
577.234516
578.6087722
620.7419258
587.2587989
622.8601595
653.8089661
664.7059201
649.4763126
648.9251422
708.7535443
762.9738803
748.7918928
746.7573668
757.5930848
747.3453523
801.7148419
831.5612256
865.3020215
865.8584502
912.8681588
929.7048095
977.9044017
925.5377103
870.2189456
786.3457544
508.7126321
