#################################### 
# Matrix Size= (300,5,5)
# Resol      = (100,1,1)
# VoxelSize  = (3,5,5)
# nbVal      = 100
#################################### 
0.07646644648
0.1222795544
0.213501917
0.2394123383
0.3343835916
0.2804691005
0.04608241188
0.2459624593
0.125575404
1.020929913
0.6609261863
0.6694785522
2.014955331
0.5502339868
0.3104599748
0.5273548751
0.8917486641
0.5200571879
1.716755752
0.5509658895
0.6013676604
1.446472022
1.989726283
3.034670473
3.390435286
1.371772906
2.511235983
4.251680721
2.7766105
1.591484361
2.420684261
3.300246863
6.543408387
3.707696719
10.80822299
5.118992304
7.581247209
6.576280611
21.70271212
32.16824614
113.5072124
199.0002042
324.7009307
320.9004853
372.7739329
319.3089423
303.1461385
280.2669763
313.2824984
307.5395682
294.009176
278.0123089
287.7775391
347.6468898
262.3627263
263.6133847
308.8753313
336.1868116
301.3485243
148.2348215
26.03610324
11.59127311
8.235884154
8.090696147
6.710953205
7.90668169
5.260254808
2.404835227
4.350178699
4.175026868
4.761299393
2.854933922
2.231916468
2.006597951
1.883058961
1.580963635
0.8481186959
0.7360935733
6.389079184
10.85802601
1.7448071
1.790405714
0.5990036013
0.9567112793
1.122710235
1.071511179
0.2504039069
0.3694505088
0.4210045358
0.4670563693
0.3111832851
0.1338709989
0.5171059324
0.1456920204
5.220229774
0.0983072625
0.07332124566
0.1493248535
0.04413456231
0.3454515546
