#################################### 
# Matrix Size= (5,300,5)
# Resol      = (1,100,1)
# VoxelSize  = (5,3,5)
# nbVal      = 100
#################################### 
0.07521473066
0.07718578278
0.07699179925
0.07829184276
0.07248633196
0.07256136286
0.07698844195
0.07267148041
0.06936398332
0.07414483202
0.07196703602
0.06978584936
0.0682579468
0.06667433995
0.06377104581
0.06763940363
0.06377792081
0.06658492851
0.0650954241
0.05869961093
0.06229801038
0.06011890099
0.05993849692
0.06011068543
0.05869200951
0.0588931365
0.06021122553
0.05879059789
0.05800741401
0.05621154198
0.05656381243
0.05779313319
0.05508670044
0.05279666314
0.05517578001
0.05370658592
0.05071369979
0.04931897289
0.04974536696
0.04976645999
0.05122854133
0.05220673301
0.04887677834
0.04932974437
0.04847022058
0.04673276753
0.04492741497
0.04532295028
0.04634500231
0.04331555874
0.0435221351
0.04464679987
0.04207360055
0.04180791123
0.04072542352
0.04106118323
0.04169749124
0.04118534624
0.04026231822
0.0397979303
0.0391551102
0.03702972124
0.03675664416
0.03560007843
0.03511786708
0.03594624536
0.03570474452
0.0350804235
0.03433339733
0.03320563418
0.03281302104
0.03257634192
0.03203620566
0.03242793408
0.03132813145
0.03191152795
0.0303071498
0.03073064533
0.03038880969
0.02892103299
0.02895124274
0.02928669022
0.02944982462
0.02815628125
0.02740506059
0.02745277591
0.02767954672
0.02721482639
0.02709866831
0.02665768122
0.02582421073
0.02536466345
0.02515943622
0.0243263027
0.02431247197
0.02397229344
0.02416851591
0.02445702042
0.02508294299
0.02745444415
