#################################### 
# Matrix Size= (300,5,5)
# Resol      = (100,1,1)
# VoxelSize  = (3,5,5)
# nbVal      = 100
#################################### 
0.2267978567
0.3279011868
0.2278975296
0.2712587477
0.2430079211
0.2342332122
0.2150284727
0.2425067523
0.2037246841
0.257956052
0.2309432272
0.2282745106
0.2109495473
0.2503560643
0.2080453516
0.2190296913
0.2134358578
0.2272236808
0.2239113285
0.1762769713
0.1583736123
0.1724709034
0.1961380734
0.2253311613
0.1790786414
0.156941882
0.1715178779
0.1628887829
0.1549158
0.1101670246
0.1282439799
0.1347789383
0.1279563244
0.1204728867
0.1270709572
0.1007778228
0.1120328556
0.09939157831
0.1011731787
0.08340999056
0.05600413982
0.03983919546
0.03589903426
0.03641952108
0.0341538383
0.03515210375
0.03616358993
0.03601637159
0.03521276279
0.03580105981
0.03749743082
0.03744221391
0.03789484851
0.03498545033
0.03826496388
0.03707916378
0.03438382849
0.03473019064
0.03802402398
0.0499056649
0.09850243812
0.09163029149
0.103314849
0.1060253577
0.1184025042
0.1158582327
0.1240467383
0.111933552
0.1077716609
0.1455545199
0.1576332227
0.1386626059
0.1430623342
0.1524554725
0.1940748095
0.1550782207
0.1621980328
0.1520373821
0.180929323
0.2110859302
0.2041435024
0.1721829989
0.1685650687
0.1811114683
0.2119495681
0.2062864453
0.1663457169
0.2071366259
0.2383665023
0.2181249437
0.1823605869
0.2175302007
0.26725117
0.2209864998
0.3251632493
0.1968508129
0.2454811004
0.2985256081
0.2494665159
0.3343595495
