#################################### 
# Matrix Size= (5,300,5)
# Resol      = (1,100,1)
# VoxelSize  = (5,3,5)
# nbVal      = 100
#################################### 
57.22386327
54.95918769
66.77138845
56.6864572
74.18657938
77.43153956
72.37375074
73.38914663
74.84404881
64.10591842
73.41127313
78.80220385
90.44817595
84.13286692
94.14320342
94.57532585
99.34658031
95.98297323
107.5854816
108.855748
107.9282091
104.3409314
104.7224978
108.0314745
102.5147537
102.5852721
102.537966
118.2387856
123.4147289
108.327234
110.1720426
120.1545094
114.0551092
127.3535645
121.2883203
113.6740729
139.4341385
152.2086894
144.0886455
151.0249103
128.9094437
124.2149201
157.0857905
171.6329137
147.8543548
184.271808
185.9697217
167.1031189
190.8810688
172.2133327
195.2529697
175.6980329
205.109233
202.5386968
200.9781249
204.8633932
199.009656
202.3523613
214.0314323
218.8870117
227.082866
236.595003
248.9749541
245.1321897
255.5322509
285.6340012
287.1797744
252.8385679
268.343187
314.6754042
281.7031077
317.4079177
296.4316582
319.4951638
327.0527259
340.9634501
353.9644003
325.7229559
358.307143
357.5865884
370.3780858
361.8410269
365.2621372
398.2867065
437.2588949
422.6222668
427.3007122
425.1495561
410.2019003
456.8205725
461.219488
481.7936813
474.6398195
493.2211264
511.0010755
549.6515981
500.4520859
453.0401766
389.0926743
195.0868181
