#################################### 
# Matrix Size= (300,5,5)
# Resol      = (100,1,1)
# VoxelSize  = (3,5,5)
# nbVal      = 100
#################################### 
1.219259386
1.06643344
2.027500059
1.803803554
2.379587632
2.260964079
0.9983232429
2.045079665
1.739434732
3.916985269
3.520228575
3.584350893
6.729048329
2.96288821
2.678208058
3.315492583
4.424389926
3.173741583
5.851642391
4.210814395
4.896506871
6.973301976
7.191744017
7.730972148
10.28213457
7.462792977
9.239184756
12.65867783
10.7562499
11.45111563
12.13195491
13.47876212
19.99120407
15.9831108
25.87197148
22.45045515
24.57668001
25.80111085
46.04574566
67.99743337
190.2324916
354.0809341
501.9288675
491.8521876
565.2813495
508.3193807
481.435269
464.8033913
502.6323946
489.8213348
457.2603122
445.302389
447.6444174
532.9224147
423.2870206
437.8627755
511.1154811
527.9164423
456.5217388
243.9588482
51.8010778
37.15557073
27.77732094
26.82756706
21.87911194
24.26993606
18.4891375
13.85417488
19.35294779
14.03792565
13.84248746
12.18533758
10.44269568
9.291508988
7.070697147
8.107916169
5.677824078
5.643067072
13.97042234
15.61045949
6.47049713
7.771140292
4.591413346
5.400622921
4.999203817
5.017959738
3.008210095
2.934409719
2.722060685
3.133133374
3.05897916
1.681989399
2.6907284
1.727236142
7.026566669
1.592777273
1.103053348
1.294446886
0.8421255096
1.757841332
