#################################### 
# Matrix Size= (5,300,5)
# Resol      = (1,100,1)
# VoxelSize  = (5,3,5)
# nbVal      = 100
#################################### 
479.2510305
500.6786221
520.1580521
549.3770997
538.507254
556.2987317
542.3830267
602.9032125
607.7261987
613.3244896
618.5655389
612.9039113
634.9267701
686.078041
694.9351112
695.6946644
725.8572693
748.7536478
715.9213364
726.7931382
744.4084901
757.2285124
750.8040386
764.4501915
761.9456442
792.0452097
789.4462042
839.109497
842.3901984
885.9210918
878.2899154
867.6831736
915.8131681
931.330652
929.5559897
955.4085465
935.3652414
989.6310796
1012.766673
1093.349709
1086.996337
1107.232252
1115.958973
1093.600412
1108.556521
1167.689601
1144.141935
1190.84638
1176.013089
1188.077256
1239.824898
1314.020877
1329.79997
1295.033711
1337.541653
1330.533123
1403.370301
1374.235703
1428.789769
1452.417739
1522.275853
1518.153983
1556.551386
1618.341694
1627.340481
1670.394495
1641.137754
1689.340565
1704.601637
1658.916524
1748.712328
1781.078429
1784.03291
1856.563322
1889.568274
1936.175845
1900.37285
1955.018695
1999.960844
2022.245696
2085.963381
2119.314256
2152.556304
2189.510972
2158.884344
2172.754331
2288.227384
2289.659245
2306.389432
2295.55864
2336.096023
2387.656654
2418.952932
2479.466771
2457.401797
2488.925683
2460.608897
2319.206711
1982.142852
1290.260253
