-0.0336464 1 0 0 -90.4405979 17.6000330 -19.5471079
-0.0291630 1 0 0 -90.4405979 17.6025121 -17.0200224
-0.0246783 1 0 0 -90.4405979 17.6046378 -14.4929680
-0.0201927 1 0 0 -90.4405979 17.6064099 -11.9659397
-0.0157063 1 0 0 -70.4405979 17.6078280 -9.4389330
-0.0112192 1 0 0 -70.4405979 17.6088917 -6.9119429
-0.0067317 1 0 0 -70.4405979 17.6096010 -4.3849648
-0.0022439 1 0 0 -70.4405979 17.6099557 -1.8579938
0.0000000 1 0 0 -70.4405979 17.6100000 0.7084905
0.0044879 1 0 0 -70.4405979 17.6098227 3.2354597
0.0089755 1 0 0 -70.4405979 17.6092907 5.7624336
0.0134628 1 0 0 -70.4405979 17.6084041 8.2894171
0.0179496 1 0 0 -90.4405979 17.6071632 10.8164150
0.0224356 1 0 0 -90.4405979 17.6055681 13.3434319
0.0269208 1 0 0 -90.4405979 17.6036191 15.8704726
0.0314049 1 0 0 -90.4405979 17.6013167 18.3975420

