#################################### 
# Matrix Size= (5,300,5)
# Resol      = (1,100,1)
# VoxelSize  = (5,3,5)
# nbVal      = 100
#################################### 
243.7820889
258.3248131
251.7612873
280.3659422
287.5740401
244.396152
278.5455386
283.4947982
317.1678108
328.5589502
331.9695887
322.9574638
350.5144428
345.8953096
353.1963834
303.1913784
336.1556695
352.7562081
366.6541525
364.7365414
401.601585
362.3984961
376.9207093
399.2863136
417.304325
410.8392951
403.2981865
425.6680888
431.6711644
450.7201376
442.0706946
429.926942
481.1614263
454.8615396
490.4055935
481.4582957
481.4476084
496.1146621
509.8654759
523.3923135
551.8625262
530.427702
549.3702905
558.1582202
563.3076648
564.1597152
616.6924249
621.0711593
632.6036281
594.2508589
643.5400146
638.0671665
636.0481158
666.5924854
662.5471467
716.7563647
699.6120187
698.0304663
695.647119
741.1809375
718.8048637
765.4069245
821.5327516
817.8961534
802.5263274
787.5776301
795.4326147
829.7915264
845.4909168
836.3124431
854.1506505
884.6021195
867.2757211
925.4415277
923.3473931
978.2238081
953.2666949
952.5400575
1003.889312
1024.230044
1013.93418
1051.296542
1072.741546
1059.491358
1095.723343
1131.646467
1117.186667
1142.604345
1218.877894
1181.458634
1199.034215
1155.553205
1164.105629
1248.920867
1258.412847
1213.435319
1239.45637
1189.042493
1046.066106
659.0958264
