#################################### 
# Matrix Size= (300,5,5)
# Resol      = (100,1,1)
# VoxelSize  = (3,5,5)
# nbVal      = 100
#################################### 
13.39950859
10.48429299
15.06649273
8.123237237
13.4605437
12.67542532
11.69019279
13.03851243
17.39821908
18.48293868
21.94210022
20.23892583
20.50744976
17.40992784
22.76373213
23.9212147
25.97865652
28.56356762
33.86907077
35.89866541
36.73532671
38.49869753
52.91406156
49.32039079
55.91720557
57.24022536
68.82598242
76.91252716
82.2544398
86.55108417
112.533315
334.0602655
711.2045775
744.0231789
782.2516252
784.6652916
785.2513191
763.1581143
796.5706616
796.2512825
810.969628
795.0202909
802.4383418
816.8133409
784.1893482
810.5121331
855.1765214
779.979472
808.8019047
776.8463034
828.8573989
865.9361744
856.2574058
878.5816001
816.07618
794.059305
762.4226475
824.7549847
864.203553
809.8948435
824.7187033
781.9553081
759.9782382
761.4589692
816.0402278
780.2558906
781.2527909
730.7669463
310.9238625
129.7011602
109.5965425
77.70672426
65.86335264
69.05249575
53.36544227
50.51417619
47.45342234
48.23634353
44.3015345
33.20060769
30.58084315
36.46211987
32.81922704
33.70794774
24.46362622
20.2494655
18.46283071
18.51446876
15.36962099
20.15635562
19.67733775
15.96640641
12.54056882
12.49415577
12.48826403
10.73811531
9.487122344
10.56782567
9.207600093
10.22420059
