#################################### 
# Matrix Size= (300,5,5)
# Resol      = (100,1,1)
# VoxelSize  = (3,5,5)
# nbVal      = 100
#################################### 
24.66616699
19.17397251
26.10976575
23.80317022
21.62060669
21.68443344
26.97554398
26.35842659
34.11924335
31.49438618
35.59581822
37.70796913
38.74351593
42.08278822
44.2919781
50.6298773
53.00229606
59.53562856
55.85201182
71.37355551
69.45366009
84.19791017
95.5810364
100.4141798
117.9706017
132.9635701
124.9363742
141.7524065
165.5087212
205.0980407
248.586165
659.963794
1360.983708
1515.94771
1533.725613
1512.775762
1563.10115
1567.347449
1613.865439
1589.965472
1579.67929
1667.214424
1633.258711
1618.851678
1606.686507
1603.896609
1684.425411
1642.50618
1551.748436
1673.771079
1661.949862
1625.912606
1635.469291
1673.280281
1635.091774
1680.695056
1666.961418
1617.348626
1585.157306
1600.598865
1578.746512
1610.424164
1617.673178
1550.715265
1558.316852
1581.025905
1478.144606
1352.686593
649.5050681
254.7649001
197.282727
166.0974327
139.4843526
142.9416482
118.8779301
110.7905811
94.35970479
82.66932194
86.72627608
77.09876456
66.11811616
65.96075541
65.20815899
53.58843323
57.5768643
48.43384141
45.7951136
40.99661148
37.44169056
39.35278094
38.80970727
30.78851539
32.81939619
29.26139637
23.87295308
27.57252125
19.19007161
18.72636894
19.74126867
16.85087991
